--------------------
Cycle 1:	256	add x1, x0, x0
Registers
x00:	0	0	0	0	0	0	0	0
x08:	0	0	0	0	0	0	0	0
x16:	0	0	0	0	0	0	0	0
x24:	0	0	0	0	0	0	0	0
Data
328:	-1	-2	-4	1	2	3	-4	10
360:	7	9	1	0	-1
--------------------
Cycle 2:	260	addi x2, x0, #3
Registers
x00:	0	0	3	0	0	0	0	0
x08:	0	0	0	0	0	0	0	0
x16:	0	0	0	0	0	0	0	0
x24:	0	0	0	0	0	0	0	0
Data
328:	-1	-2	-4	1	2	3	-4	10
360:	7	9	1	0	-1
--------------------
Cycle 3:	264	beq x1, x2, #30
Registers
x00:	0	0	3	0	0	0	0	0
x08:	0	0	0	0	0	0	0	0
x16:	0	0	0	0	0	0	0	0
x24:	0	0	0	0	0	0	0	0
Data
328:	-1	-2	-4	1	2	3	-4	10
360:	7	9	1	0	-1
--------------------
Cycle 4:	268	sll x6, x1, #2
Registers
x00:	0	0	3	0	0	0	0	0
x08:	0	0	0	0	0	0	0	0
x16:	0	0	0	0	0	0	0	0
x24:	0	0	0	0	0	0	0	0
Data
328:	-1	-2	-4	1	2	3	-4	10
360:	7	9	1	0	-1
--------------------
Cycle 5:	272	lw x3, 328(x6)
Registers
x00:	0	0	3	-1	0	0	0	0
x08:	0	0	0	0	0	0	0	0
x16:	0	0	0	0	0	0	0	0
x24:	0	0	0	0	0	0	0	0
Data
328:	-1	-2	-4	1	2	3	-4	10
360:	7	9	1	0	-1
--------------------
Cycle 6:	276	lw x4, 340(x6)
Registers
x00:	0	0	3	-1	1	0	0	0
x08:	0	0	0	0	0	0	0	0
x16:	0	0	0	0	0	0	0	0
x24:	0	0	0	0	0	0	0	0
Data
328:	-1	-2	-4	1	2	3	-4	10
360:	7	9	1	0	-1
--------------------
Cycle 7:	280	add x5, x3, x4
Registers
x00:	0	0	3	-1	1	0	0	0
x08:	0	0	0	0	0	0	0	0
x16:	0	0	0	0	0	0	0	0
x24:	0	0	0	0	0	0	0	0
Data
328:	-1	-2	-4	1	2	3	-4	10
360:	7	9	1	0	-1
--------------------
Cycle 8:	284	blt x5, x0, #6
Registers
x00:	0	0	3	-1	1	0	0	0
x08:	0	0	0	0	0	0	0	0
x16:	0	0	0	0	0	0	0	0
x24:	0	0	0	0	0	0	0	0
Data
328:	-1	-2	-4	1	2	3	-4	10
360:	7	9	1	0	-1
--------------------
Cycle 9:	288	sub x5, x3, x4
Registers
x00:	0	0	3	-1	1	-2	0	0
x08:	0	0	0	0	0	0	0	0
x16:	0	0	0	0	0	0	0	0
x24:	0	0	0	0	0	0	0	0
Data
328:	-1	-2	-4	1	2	3	-4	10
360:	7	9	1	0	-1
--------------------
Cycle 10:	292	jal x7, #4
Registers
x00:	0	0	3	-1	1	-2	0	296
x08:	0	0	0	0	0	0	0	0
x16:	0	0	0	0	0	0	0	0
x24:	0	0	0	0	0	0	0	0
Data
328:	-1	-2	-4	1	2	3	-4	10
360:	7	9	1	0	-1
--------------------
Cycle 11:	300	addi x1, x1, #1
Registers
x00:	0	1	3	-1	1	-2	0	296
x08:	0	0	0	0	0	0	0	0
x16:	0	0	0	0	0	0	0	0
x24:	0	0	0	0	0	0	0	0
Data
328:	-1	-2	-4	1	2	3	-4	10
360:	7	9	1	0	-1
--------------------
Cycle 12:	304	ori x12, x1, #-4
Registers
x00:	0	1	3	-1	1	-2	0	296
x08:	0	0	0	0	-3	0	0	0
x16:	0	0	0	0	0	0	0	0
x24:	0	0	0	0	0	0	0	0
Data
328:	-1	-2	-4	1	2	3	-4	10
360:	7	9	1	0	-1
--------------------
Cycle 13:	308	andi x14, x1, #87
Registers
x00:	0	1	3	-1	1	-2	0	296
x08:	0	0	0	0	-3	0	1	0
x16:	0	0	0	0	0	0	0	0
x24:	0	0	0	0	0	0	0	0
Data
328:	-1	-2	-4	1	2	3	-4	10
360:	7	9	1	0	-1
--------------------
Cycle 14:	312	and x16, x12, x14
Registers
x00:	0	1	3	-1	1	-2	0	296
x08:	0	0	0	0	-3	0	1	0
x16:	1	0	0	0	0	0	0	0
x24:	0	0	0	0	0	0	0	0
Data
328:	-1	-2	-4	1	2	3	-4	10
360:	7	9	1	0	-1
--------------------
Cycle 15:	316	or x17, x12, x14
Registers
x00:	0	1	3	-1	1	-2	0	296
x08:	0	0	0	0	-3	0	1	0
x16:	1	-3	0	0	0	0	0	0
x24:	0	0	0	0	0	0	0	0
Data
328:	-1	-2	-4	1	2	3	-4	10
360:	7	9	1	0	-1
--------------------
Cycle 16:	320	jal x8, #-28
Registers
x00:	0	1	3	-1	1	-2	0	296
x08:	324	0	0	0	-3	0	1	0
x16:	1	-3	0	0	0	0	0	0
x24:	0	0	0	0	0	0	0	0
Data
328:	-1	-2	-4	1	2	3	-4	10
360:	7	9	1	0	-1
--------------------
Cycle 17:	264	beq x1, x2, #30
Registers
x00:	0	1	3	-1	1	-2	0	296
x08:	324	0	0	0	-3	0	1	0
x16:	1	-3	0	0	0	0	0	0
x24:	0	0	0	0	0	0	0	0
Data
328:	-1	-2	-4	1	2	3	-4	10
360:	7	9	1	0	-1
--------------------
Cycle 18:	268	sll x6, x1, #2
Registers
x00:	0	1	3	-1	1	-2	4	296
x08:	324	0	0	0	-3	0	1	0
x16:	1	-3	0	0	0	0	0	0
x24:	0	0	0	0	0	0	0	0
Data
328:	-1	-2	-4	1	2	3	-4	10
360:	7	9	1	0	-1
--------------------
Cycle 19:	272	lw x3, 328(x6)
Registers
x00:	0	1	3	-2	1	-2	4	296
x08:	324	0	0	0	-3	0	1	0
x16:	1	-3	0	0	0	0	0	0
x24:	0	0	0	0	0	0	0	0
Data
328:	-1	-2	-4	1	2	3	-4	10
360:	7	9	1	0	-1
--------------------
Cycle 20:	276	lw x4, 340(x6)
Registers
x00:	0	1	3	-2	2	-2	4	296
x08:	324	0	0	0	-3	0	1	0
x16:	1	-3	0	0	0	0	0	0
x24:	0	0	0	0	0	0	0	0
Data
328:	-1	-2	-4	1	2	3	-4	10
360:	7	9	1	0	-1
--------------------
Cycle 21:	280	add x5, x3, x4
Registers
x00:	0	1	3	-2	2	0	4	296
x08:	324	0	0	0	-3	0	1	0
x16:	1	-3	0	0	0	0	0	0
x24:	0	0	0	0	0	0	0	0
Data
328:	-1	-2	-4	1	2	3	-4	10
360:	7	9	1	0	-1
--------------------
Cycle 22:	284	blt x5, x0, #6
Registers
x00:	0	1	3	-2	2	0	4	296
x08:	324	0	0	0	-3	0	1	0
x16:	1	-3	0	0	0	0	0	0
x24:	0	0	0	0	0	0	0	0
Data
328:	-1	-2	-4	1	2	3	-4	10
360:	7	9	1	0	-1
--------------------
Cycle 23:	288	sub x5, x3, x4
Registers
x00:	0	1	3	-2	2	-4	4	296
x08:	324	0	0	0	-3	0	1	0
x16:	1	-3	0	0	0	0	0	0
x24:	0	0	0	0	0	0	0	0
Data
328:	-1	-2	-4	1	2	3	-4	10
360:	7	9	1	0	-1
--------------------
Cycle 24:	292	jal x7, #4
Registers
x00:	0	1	3	-2	2	-4	4	296
x08:	324	0	0	0	-3	0	1	0
x16:	1	-3	0	0	0	0	0	0
x24:	0	0	0	0	0	0	0	0
Data
328:	-1	-2	-4	1	2	3	-4	10
360:	7	9	1	0	-1
--------------------
Cycle 25:	300	addi x1, x1, #1
Registers
x00:	0	2	3	-2	2	-4	4	296
x08:	324	0	0	0	-3	0	1	0
x16:	1	-3	0	0	0	0	0	0
x24:	0	0	0	0	0	0	0	0
Data
328:	-1	-2	-4	1	2	3	-4	10
360:	7	9	1	0	-1
--------------------
Cycle 26:	304	ori x12, x1, #-4
Registers
x00:	0	2	3	-2	2	-4	4	296
x08:	324	0	0	0	-2	0	1	0
x16:	1	-3	0	0	0	0	0	0
x24:	0	0	0	0	0	0	0	0
Data
328:	-1	-2	-4	1	2	3	-4	10
360:	7	9	1	0	-1
--------------------
Cycle 27:	308	andi x14, x1, #87
Registers
x00:	0	2	3	-2	2	-4	4	296
x08:	324	0	0	0	-2	0	2	0
x16:	1	-3	0	0	0	0	0	0
x24:	0	0	0	0	0	0	0	0
Data
328:	-1	-2	-4	1	2	3	-4	10
360:	7	9	1	0	-1
--------------------
Cycle 28:	312	and x16, x12, x14
Registers
x00:	0	2	3	-2	2	-4	4	296
x08:	324	0	0	0	-2	0	2	0
x16:	2	-3	0	0	0	0	0	0
x24:	0	0	0	0	0	0	0	0
Data
328:	-1	-2	-4	1	2	3	-4	10
360:	7	9	1	0	-1
--------------------
Cycle 29:	316	or x17, x12, x14
Registers
x00:	0	2	3	-2	2	-4	4	296
x08:	324	0	0	0	-2	0	2	0
x16:	2	-2	0	0	0	0	0	0
x24:	0	0	0	0	0	0	0	0
Data
328:	-1	-2	-4	1	2	3	-4	10
360:	7	9	1	0	-1
--------------------
Cycle 30:	320	jal x8, #-28
Registers
x00:	0	2	3	-2	2	-4	4	296
x08:	324	0	0	0	-2	0	2	0
x16:	2	-2	0	0	0	0	0	0
x24:	0	0	0	0	0	0	0	0
Data
328:	-1	-2	-4	1	2	3	-4	10
360:	7	9	1	0	-1
--------------------
Cycle 31:	264	beq x1, x2, #30
Registers
x00:	0	2	3	-2	2	-4	4	296
x08:	324	0	0	0	-2	0	2	0
x16:	2	-2	0	0	0	0	0	0
x24:	0	0	0	0	0	0	0	0
Data
328:	-1	-2	-4	1	2	3	-4	10
360:	7	9	1	0	-1
--------------------
Cycle 32:	268	sll x6, x1, #2
Registers
x00:	0	2	3	-2	2	-4	8	296
x08:	324	0	0	0	-2	0	2	0
x16:	2	-2	0	0	0	0	0	0
x24:	0	0	0	0	0	0	0	0
Data
328:	-1	-2	-4	1	2	3	-4	10
360:	7	9	1	0	-1
--------------------
Cycle 33:	272	lw x3, 328(x6)
Registers
x00:	0	2	3	-4	2	-4	8	296
x08:	324	0	0	0	-2	0	2	0
x16:	2	-2	0	0	0	0	0	0
x24:	0	0	0	0	0	0	0	0
Data
328:	-1	-2	-4	1	2	3	-4	10
360:	7	9	1	0	-1
--------------------
Cycle 34:	276	lw x4, 340(x6)
Registers
x00:	0	2	3	-4	3	-4	8	296
x08:	324	0	0	0	-2	0	2	0
x16:	2	-2	0	0	0	0	0	0
x24:	0	0	0	0	0	0	0	0
Data
328:	-1	-2	-4	1	2	3	-4	10
360:	7	9	1	0	-1
--------------------
Cycle 35:	280	add x5, x3, x4
Registers
x00:	0	2	3	-4	3	-1	8	296
x08:	324	0	0	0	-2	0	2	0
x16:	2	-2	0	0	0	0	0	0
x24:	0	0	0	0	0	0	0	0
Data
328:	-1	-2	-4	1	2	3	-4	10
360:	7	9	1	0	-1
--------------------
Cycle 36:	284	blt x5, x0, #6
Registers
x00:	0	2	3	-4	3	-1	8	296
x08:	324	0	0	0	-2	0	2	0
x16:	2	-2	0	0	0	0	0	0
x24:	0	0	0	0	0	0	0	0
Data
328:	-1	-2	-4	1	2	3	-4	10
360:	7	9	1	0	-1
--------------------
Cycle 37:	296	sw x5, 340(x6)
Registers
x00:	0	2	3	-4	3	-1	8	296
x08:	324	0	0	0	-2	0	2	0
x16:	2	-2	0	0	0	0	0	0
x24:	0	0	0	0	0	0	0	0
Data
328:	-1	-2	-4	1	2	-1	-4	10
360:	7	9	1	0	-1
--------------------
Cycle 38:	300	addi x1, x1, #1
Registers
x00:	0	3	3	-4	3	-1	8	296
x08:	324	0	0	0	-2	0	2	0
x16:	2	-2	0	0	0	0	0	0
x24:	0	0	0	0	0	0	0	0
Data
328:	-1	-2	-4	1	2	-1	-4	10
360:	7	9	1	0	-1
--------------------
Cycle 39:	304	ori x12, x1, #-4
Registers
x00:	0	3	3	-4	3	-1	8	296
x08:	324	0	0	0	-1	0	2	0
x16:	2	-2	0	0	0	0	0	0
x24:	0	0	0	0	0	0	0	0
Data
328:	-1	-2	-4	1	2	-1	-4	10
360:	7	9	1	0	-1
--------------------
Cycle 40:	308	andi x14, x1, #87
Registers
x00:	0	3	3	-4	3	-1	8	296
x08:	324	0	0	0	-1	0	3	0
x16:	2	-2	0	0	0	0	0	0
x24:	0	0	0	0	0	0	0	0
Data
328:	-1	-2	-4	1	2	-1	-4	10
360:	7	9	1	0	-1
--------------------
Cycle 41:	312	and x16, x12, x14
Registers
x00:	0	3	3	-4	3	-1	8	296
x08:	324	0	0	0	-1	0	3	0
x16:	3	-2	0	0	0	0	0	0
x24:	0	0	0	0	0	0	0	0
Data
328:	-1	-2	-4	1	2	-1	-4	10
360:	7	9	1	0	-1
--------------------
Cycle 42:	316	or x17, x12, x14
Registers
x00:	0	3	3	-4	3	-1	8	296
x08:	324	0	0	0	-1	0	3	0
x16:	3	-1	0	0	0	0	0	0
x24:	0	0	0	0	0	0	0	0
Data
328:	-1	-2	-4	1	2	-1	-4	10
360:	7	9	1	0	-1
--------------------
Cycle 43:	320	jal x8, #-28
Registers
x00:	0	3	3	-4	3	-1	8	296
x08:	324	0	0	0	-1	0	3	0
x16:	3	-1	0	0	0	0	0	0
x24:	0	0	0	0	0	0	0	0
Data
328:	-1	-2	-4	1	2	-1	-4	10
360:	7	9	1	0	-1
--------------------
Cycle 44:	264	beq x1, x2, #30
Registers
x00:	0	3	3	-4	3	-1	8	296
x08:	324	0	0	0	-1	0	3	0
x16:	3	-1	0	0	0	0	0	0
x24:	0	0	0	0	0	0	0	0
Data
328:	-1	-2	-4	1	2	-1	-4	10
360:	7	9	1	0	-1
--------------------
Cycle 45:	324	break
Registers
x00:	0	3	3	-4	3	-1	8	296
x08:	324	0	0	0	-1	0	3	0
x16:	3	-1	0	0	0	0	0	0
x24:	0	0	0	0	0	0	0	0
Data
328:	-1	-2	-4	1	2	-1	-4	10
360:	7	9	1	0	-1